00001001001110011100101001100011
00000011110111000111101000110011
00001000011000000001100100100011
00010011110110101000001000110111
00000001010011100100111000110011
00000010110010011100101000110011
10110001001100000010010000100011
00011111110111101011100110010011
00000000011011100111100110110011
01001000001010011110111000010011
01000001011011100101101000110011
00000011100000100111100110110011
00001001001000000100100110000011
10110000100000000010101100000011
10101110001000100011101100010011
00000010110111100100001000010011
00000001100000100101011000010011
00000000010011100100010110110011
00000011001101100110011000110011
00001010011110100011111000010011
